"V1" "V2" "V3" "V4" "V5"
"1" -0.00417490125397539 0.00505705411267708 -0.300289060689527 -0.269154889779318 -1.29306522491849
"2" -2.8093861198551 -0.308197828167104 0.79410631471211 0.323971678911744 -0.0960910245867763
"3" 0.101596491665654 -0.0545746262988041 1.0137528584697 0.599826354017551 -0.77146091401174
"4" -0.945924669187696 0.38925464965552 2.04924658225285 0.00427923332865454 -1.01643686363311
"5" 0.581374939551487 1.52327088908219 0.271956096443557 1.16372864017106 0.303785803462004
"6" 0.547263344594747 -1.77875450505039 -1.4415735741552 2.12257307807112 0.816559114387962
"7" -0.94442875407497 -0.320856692848328 -1.02507384965688 0.549989898035366 0.14508628494715
"8" -0.0869256735247176 0.261469342355428 -0.187955124907854 0.604158546346044 2.65556897982111
"9" -1.77216541238419 -0.296179538661748 -0.420779387830329 1.85988781327587 0.106396326349896
"10" -0.632329173266173 0.616122772835423 1.20603136242794 0.0740124977755144 -0.140656360374167
"11" -1.25426848752578 -0.268974642793019 0.877393829102414 0.772501805287821 0.904515328437797
"12" -0.114212769230136 0.161386405568312 -1.40680807672913 0.412394651458854 0.332676435389917
"13" 0.590942704498725 -1.79632932761268 -0.0618659011811839 -0.648273377963958 0.241730999156289
"14" 0.391676096052852 0.256263684052897 1.03064057716117 0.00579020866778258 0.900962722220541
"15" -0.204591911575228 1.1740297028766 -0.761214196880049 0.437786863607062 0.400532833609626
"16" 0.547306451827919 -0.821204471000865 0.650442561736043 -0.0639721218817176 -0.269142308570075
"17" -1.00754285235608 -1.44799106338326 0.327234995553823 -1.10190785514109 -0.923017291778608
"18" -1.74072863809016 0.603975018172177 -0.838088273928708 0.0634928522754379 0.385373205207374
"19" -0.505686145045946 0.078041869501305 0.423940223919219 -0.7264492159252 -0.92783970333672
"20" 0.851710403696308 -0.416638518043631 1.07395618051405 -0.612585198644693 0.602701854174729
"21" -0.961945734695982 -0.0359738724705575 -0.0946711573395978 -0.97308060722187 -0.566782482057766
"22" 1.08347403124323 1.31902852554769 0.604228581736076 -0.46005045440771 0.52920699973468
"23" 0.638199661020535 -0.882959455521964 -0.0612410492484436 1.42621820669366 -0.756273449160921
"24" -0.0483712864453661 1.18238478744821 -1.01335868056161 0.269873985058556 0.701667453987734
"25" 0.640531211217667 -0.719630423379926 -0.0760160578892326 -0.144869420830444 -0.882373551561594
"26" -0.129249064096654 0.506396285439982 1.0404300984312 -2.16516953130641 0.562376085097155
"27" -0.537566601193562 -0.967746926717946 -0.564708035872954 1.35178248942927 -0.300081227683792
"28" -0.0614524538880026 0.406751258754134 -1.44376337625143 -0.996446577126272 3.56878413253076
"29" -1.71949227434565 -0.231755229788822 -0.70202210976865 1.45795853797084 0.391694873008868
"30" -0.0905417424976881 -0.763965745732876 -0.813414046856317 -1.89300626389368 -0.332942827449399
"31" 1.1551675191517 -0.455604891855824 -1.38440363968172 0.239421844100786 1.47923134051797
"32" 0.511451338451414 -0.625314736617069 1.23048081497551 -0.594210483136683 0.251513855656838
"33" -1.27834434359437 0.328903174896466 0.849404719890142 -0.131827080347974 -0.950762788209941
"34" -0.14146840928583 1.24998199239086 -0.980062629619289 -1.22308739535842 -1.07825435021753
"35" 2.31690524841716 0.66701751845625 -0.307633452351235 0.55768036007033 1.11954947515159
"36" 0.253260283518953 -0.0757156668809099 1.26517359988031 -0.967908946449554 0.20443568848742
"37" 0.0364550332704473 1.77145697428348 -1.38393376138761 1.42389474206788 -0.802220763615914
"38" 0.621110221670181 -0.132727510005076 1.15129750804075 0.732996191846928 -0.706864958353504
"39" 0.823228676493937 -0.0709546813900921 -0.92533528743644 -0.941170885971066 -0.109079681612541
"40" -1.23647039897589 1.01100924644369 -1.1452985933009 0.156806625614514 1.76806688297809
"41" -1.05286556489979 0.287788200679672 -1.23200774721154 0.195805403943789 1.2072927597157
"42" -0.234158771954054 -0.103093438967526 1.35729482700473 0.0330018760289508 -2.25983333822374
"43" -0.87319986109543 2.01988775945837 -0.150807790813428 1.28963819399454 -0.682039792120129
"44" 1.1870369690917 -0.421266503345986 -0.711508614803996 1.33282419604304 1.49819089979888
"45" 1.5739163954005 -0.0445063853337246 0.203548917094602 -0.0493933974233719 -0.922582279781922
"46" -1.73913383270553 0.515644050043448 1.29422380507507 1.12641175198319 -0.41952702101317
"47" -1.45723511196362 -0.637255202270274 -0.598423408654278 -0.92757374142236 -1.58117672791568
"48" -2.54622879855497 -0.0783032815109528 2.98202974438962 1.08771885912412 0.949589572688918
"49" -0.661990017062274 0.241864710828111 -0.602883573002611 1.03516092973945 -2.83656116516889
"50" 1.21797487046347 0.268621277045025 -0.599182475248732 -0.860674518993027 -0.189042611900015
"51" -0.150124679702604 -0.151354365190323 -0.280449209335754 0.804678262487447 1.14589103155129
"52" -0.0678389919115018 1.37039580761804 -0.586717371970185 -0.71265208312005 -1.46378238848803
"53" 1.66043472224036 -0.920569254955834 -0.54007708995 -0.301225912908878 -0.438143460259829
"54" 0.88408164699202 1.95397873936482 -0.56442102569691 -0.0805500637318679 -1.14938968209837
"55" 1.1731494485575 0.208302273204701 -0.73368932355156 -1.01905907195084 2.73015964792346
"56" 0.730998874273895 1.19150122393202 0.510509745203225 -0.4436766159311 -0.0408566541933746
"57" 0.698661824811624 1.75962638415337 -1.35268585347441 0.657274279285304 -0.196698701887705
"58" -0.0018368638209342 -0.431245693995491 -0.643266217105584 0.9595316367868 -0.686220590973975
"59" -1.19205644280091 -0.884238806630804 0.4038742413003 -0.193865052271235 0.072072511555129
"60" 0.507844601113034 -0.81359305158282 -0.0695926562607961 1.0173029320989 -1.50179030948358
"61" -0.101272632233266 -1.87523121739559 0.995967010751526 -1.41232065395405 -0.35539966079286
"62" -0.292961929823852 1.12426720309439 -0.854645271494076 -0.089941502035341 0.831195018159006
"63" 0.355636746787104 -1.26776616864694 -3.51306291268704 -0.49420548004405 -1.73680960185785
"64" 0.0461623265807421 0.179199004347294 0.119291957604266 0.219365472703172 0.529621192615244
"65" -0.299525146501085 -0.0755881379457542 -1.05420558469723 -0.946480432842102 0.361687336696689
"66" 0.210883788288751 0.0018636810946684 0.181015662273975 -0.100156872133406 1.44570674247882
"67" -0.105103589874085 -1.4374203866487 -0.870770379978609 0.0137920195919388 -0.570084324175836
"68" 0.312817865711711 -0.0325694663886785 -1.96857120738251 0.416801136151867 2.37269318851218
"69" -0.928317578703633 -0.525575748379643 2.00821223989489 -0.731655583205636 -0.814116201230003
"70" -1.31936323041696 0.506405794356822 0.987453482131755 -1.76301871602096 0.00715534431790255
"71" 0.767854823278375 -0.80654520874458 -2.03179110184749 -0.266336098237279 -0.862454898315426
"72" -0.81424402818013 -0.233961922310604 -1.10597811092248 -0.478910589180583 -0.391302994882021
"73" 0.500069772041904 0.368998410980737 0.841980858001764 0.250699963947874 0.66204502479786
"74" 0.0678583722532913 -0.136889380813102 -0.0214918761964246 0.102679184173 -0.856086003926614
"75" 0.753304191050361 0.969850478518006 -0.398771719597944 1.14405437244844 -0.887822816091037
"76" 1.35148648246175 -0.978522347739944 -1.07599555920133 -1.91616342366849 -1.41587695454147
"77" 0.404379620673449 1.14928910830797 0.454453555404815 -2.12485788134816 0.393885914396911
"78" 1.30222117755003 0.419992280770347 0.43368148939113 -1.20084651794456 -0.511248210816643
"79" -0.986039429123289 0.330356291342987 -0.468836862027588 -0.0489244038396641 -0.294256591580245
"80" 1.09826854026664 0.948645855624871 0.189962930878795 -0.095120063540006 0.344801242673521
"81" 0.815140954663062 -0.678761417538854 -0.697059622529331 1.41531138210605 1.02596385941053
"82" 1.60320763693278 1.20996955818166 0.0684188331825859 1.13612989984599 0.044200523269533
"83" -0.996904492677782 0.840892668055504 0.351348775004152 -0.395499884773007 0.199778419076551
"84" -1.3228144121998 0.97075006057854 -0.965778463434975 1.43576464035429 0.678564367346937
"85" 0.129311110875551 1.57308664644812 -0.391484704333732 1.20108752196104 0.990802459259726
"86" -0.69671584260082 0.795009028967427 -0.668367488916221 -1.4878632075514 -1.40641600353797
"87" 1.21229004380903 0.265168518484613 -0.49117917535105 -0.305647913200579 -0.256016413589336
"88" -0.416241055324203 -0.96342886235106 1.20383253509594 0.0252284268958202 0.163677345365071
"89" -0.105136590666844 -0.208683951603581 0.316570373278242 -1.25426120278468 -0.31557259842391
"90" 2.48999270381404 0.91872091203523 0.122078915813453 -1.59490721570418 0.356262757789982
"91" 0.00735103833805424 1.82737711288056 -0.305408032660253 -1.36265085871729 -0.273575080528191
"92" 1.72227857590714 -0.812790794873798 -1.97689312917299 -2.01836948699261 -1.18870447280476
"93" -0.315717840440429 -0.00822909479780056 1.07727330071609 -0.215228929605025 1.3250574828423
"94" 0.0399286400004265 0.628099110077022 0.450718972429462 -1.45328623219944 2.66860758715472
"95" -0.204033606185819 1.6418196434904 1.14261669500775 0.642613841446771 0.124596481115475
"96" 0.110082339341562 -0.17836824056292 -0.690582031771234 0.164524450374596 -2.4141160531796
"97" -1.00943673473923 -1.15604566044035 1.51510736262385 -0.763061416802825 1.41068064944693
"98" -0.204841720438765 1.2056511299329 0.524666328282618 -0.91188889841578 0.638890895328934
"99" -1.9338869272118 0.349964930032897 0.058268707758912 1.17265868307409 0.31077453413994
"100" 0.920963204843869 -0.540825604110501 2.3102449295257 -0.163083956851325 1.20898478069634
"101" -2.12902904996565 0.410689550495961 -0.876070763255343 -0.081496404619124 -1.31296407174892
"102" 0.816832282747782 1.03598453072358 -1.44784479512436 1.24370511661773 0.335516416362307
"103" 0.0469587634530786 0.266071575094342 0.798044247482163 1.28439413979918 -3.2372106011769
"104" -0.0657525977540395 -1.1057698084641 0.42147494270162 0.107172387638464 -0.514677184900473
"105" 1.6079190632105 -0.735729650211233 0.150053971404654 -0.502751334717818 -0.156022804563581
"106" 0.222855591393069 -0.154835782026321 1.78885678982671 1.56152094735963 0.0276642256789742
"107" 1.74187014012561 1.09393339907228 -0.293902485703031 1.10833813498412 -0.382157196424901
"108" 1.01274923082993 -0.372725112486616 -0.012601525492582 0.0381940756164821 -1.33437258003364
"109" 0.463180736729378 0.175249900600541 -0.384956247240043 -2.37094375297449 0.98915594954175
"110" 2.937389510238 -0.950220340336066 2.00874711484233 -1.30810464639444 -0.648794061297675
"111" 0.390746779604865 -0.899198138763288 -0.154153087855022 0.702778088567628 0.203060252475309
"112" 1.4763332997463 0.509715317195637 -1.63654826384534 -0.96371253992624 1.90494009820802
"113" 0.342603511354219 0.594171903142628 -0.72674650060809 -1.75543177475624 0.111015345710463
"114" 0.480053040930205 -0.0672398822959567 0.926185391379051 -1.01077227127365 1.6125596500907
"115" 2.14765535905195 -1.51050213388082 1.66835972756174 -0.642577879843739 0.322880757706767
"116" 0.275874993735544 2.17724106969255 0.328309388666177 0.380119565336707 -0.367053210757763
"117" -0.405824822415226 0.709535056182124 1.17900781704536 1.33223788238125 0.9827003292791
"118" -1.73325466783079 -1.74835353602161 -0.929487193261909 -0.253318211386543 -0.199969904652055
"119" 1.07505725982789 0.278896281067446 1.30006523370532 0.389116309994703 -0.646906218595431
"120" 0.0712642823667508 -0.680035408645368 0.434878424657252 -0.346996890447358 -0.29243089541644
"121" 0.104352978294727 1.2299074291117 -1.45679400348293 -0.870148392264176 0.173214105332869
"122" -0.888117141782394 0.886112630194125 -1.745908659611 -0.063447537278963 0.508761407455585
"123" -0.369584708983116 0.35828819918589 0.341670451016801 -1.02018798834653 -0.574053766890908
"124" -0.470926496027736 -0.949901051158295 0.233999925088915 2.2853289077827 0.215568825096864
"125" -0.991454135981332 -1.03002080025536 -0.230701162471425 0.280881002597627 0.515589015816353
"126" 0.0251275357614416 0.499531870099829 0.284216310160479 1.02471307612208 -0.604725755308647
"127" -0.629349076597904 -1.14802290595709 -1.92137992529555 -0.501872281741368 -0.109868648995328
"128" -0.591612439993726 0.226717273379809 0.863747354499157 0.109317076722505 1.20072665587126
"129" -0.160057897733222 0.286311544982089 1.96321648348474 1.29770821430191 1.27101300575745
"130" 1.08905101993638 1.56782253506187 1.14862452390171 0.0159432556462408 -0.405420949546913
"131" -1.01674880055145 0.636855531154605 0.412887176378521 0.0772508119674655 -1.74785725778737
"132" -0.494016315540624 0.484681077656691 1.76945581315076 2.69050779726318 1.03553720518253
"133" 0.734999134719639 -1.19636566949536 -0.959371612799324 -0.578931094881997 0.903664362540466
"134" 1.05833288215424 1.34474676213162 -0.887434900540018 -0.0531296174753892 0.0711504347425073
"135" -1.45206621174749 0.801000953776879 0.383669835613906 -0.206216088196791 -1.95836954292046
"136" 0.0351010321257619 0.928375497489792 -0.153465168527564 0.755585470924995 0.0605856648742356
"137" -1.71953232315873 0.131371960022319 1.09707004983598 -1.11129285632565 -0.86483861745362
"138" -1.3501770424091 0.736846070386719 -0.877766856827677 0.012832327212035 -0.813107409107934
"139" -2.23921162431693 -0.0547313183815573 -0.322312492822214 0.541961222286276 -0.181386672571012
"140" 0.86668710983373 -1.05720527781546 0.853082548342038 0.62549791450365 0.133023756107517
"141" -0.516993670029019 0.0648510277847306 1.47841889288266 0.395748803578673 0.38158929378023
"142" 0.161393623177638 -1.75979854562726 0.437941992577382 1.43780642119134 1.65867191003293
"143" 1.44723316381521 -1.28759627367829 -0.724246127934077 -0.214092469517784 0.72548455484766
"144" -2.58758860099834 -0.739741310823455 0.201504042597645 1.39755197543457 -0.242349553496003
"145" -0.0393671131458216 1.51812567887522 -0.463157932724959 -1.44964075096753 0.886143721304768
"146" 0.516799249787324 -1.00013500915461 -0.31997693163307 -0.461388080827795 0.097455192483861
"147" 2.14421958422591 -0.312126929487233 0.225971055523903 0.909028986530288 -0.95811619137061
"148" -0.93289746238577 -1.40267718915588 -0.565666827382577 -1.10462045432181 0.193072572287376
"149" 0.0202928347218305 -0.546460448622797 1.76147564216502 -0.33871998203884 -1.38752211392812
"150" 0.596290884477622 -1.51295686447163 -0.651190626810129 -0.897317365801091 1.16105551657709
"151" 0.257252099873621 0.494804388990257 1.79822620340841 -0.124286399851773 -1.53371756153327
"152" 0.7582202513619 1.01934829633805 -0.576526058986939 -1.08779321762776 -0.416126390039639
"153" 1.14268692071267 -1.07008341210898 1.49869125549956 -0.18301904372396 2.00584481417703
"154" 1.27743601218565 -0.15523313326985 -0.904348651649088 -0.446651080264136 -0.563969024924027
"155" -0.391644335703666 1.14172935189221 -0.679459820868953 -0.533605185408983 0.258800794417889
"156" 0.555618979366703 -0.190271325238574 1.01428664369613 -0.557929943949086 -1.01216176418766
"157" 0.248915302880322 1.30499642268496 -0.013957753584173 0.433980337014523 1.31351838158958
"158" 0.686637645558216 0.350369581041344 -0.52987823896809 -1.59671642963598 2.50516228465668
"159" -0.513766659419264 0.646589973482164 0.451947126835596 -0.732895283858364 1.08469381538914
"160" -0.713562524223764 -0.0753144255311511 -1.11878710502755 -0.923050337449814 0.619297309130076
"161" 2.08190769356365 -1.19049539477592 -0.600885913102408 -1.25420991145722 -1.96402865340204
"162" -0.125799725736395 -0.764223101630968 1.02126434342103 0.653038848601698 -0.790965719722586
"163" -0.452176681198072 0.14233818906632 -1.66763029860576 0.434517889046615 -1.27656011463663
"164" 0.544510509372774 -0.769573451567652 0.0362422466288024 0.66015643539033 0.240198814736596
"165" 1.97033860391896 -0.867267432561841 1.30525307645278 0.646460108287668 0.638503768600365
"166" 0.205328498212612 -0.779251662754781 0.47168558888408 -0.543193074684439 -0.660034061856503
"167" 0.7530496365032 -0.751450841075908 -0.479495631611928 0.00491158491259362 0.532922070724853
"168" 1.0512586151899 0.190379643559595 0.745274648674099 -0.402943058781586 -1.04574815066671
"169" -0.767787663614016 1.32687201388788 -0.275996078035468 -0.0222757750318867 -0.459019555856373
"170" 1.97032820254932 -0.779055439944074 -0.603193261641569 -2.3096166613772 -0.149735897124697
"171" 0.215483075029414 -1.67770945769996 -1.05648616098417 -0.175486611886101 1.17566581863502
"172" -1.52394289729544 -0.555499158823455 0.268840800453036 -0.141614884768755 -0.22486602009584
"173" 0.670297011518434 0.135894384240879 -0.313474753503803 -0.233100190513759 -0.428901113126619
"174" 0.563162262715147 0.932526092173128 -2.06214028477058 -0.89598490278249 -1.02724052949357
"175" -0.999157686901958 0.647371440714143 0.439079751002897 -0.412914057097906 0.682352365052507
"176" -1.4710540420515 0.316083714734962 -0.130359247752089 0.153432864411326 -0.752946162873997
"177" 0.922677138405801 1.05915200372383 1.06461411252238 0.462713057795781 1.84108123927065
"178" 0.657226932948938 0.271199797514697 0.353389574786665 -1.76542960562849 -0.881220740251904
"179" -0.954245299166522 0.142811821379494 -0.0197110387544747 -0.201101879493918 -0.347639026941702
"180" -0.82926864465113 -0.497035347911826 -0.0791980399378242 -0.710936385390347 1.78806558246815
"181" 0.68519735322333 -1.00651179510186 1.22805777744557 -0.742873100890752 -0.234283192119643
"182" 0.220931816763994 -0.152726353363214 0.683231105844646 0.267264975941747 0.974782168198855
"183" 0.705003890990036 -0.264819226528986 0.538521334634849 -2.08557280409542 -0.285673524472636
"184" -0.238614197724876 3.35789304339229 -0.331412072294486 0.903634356012317 0.574827342663108
"185" -0.0645030690473969 -1.00401284083205 -1.35885942804927 -0.261634778181381 1.53273632620876
"186" 0.0760289793819388 0.508148792167213 -0.469129773006933 -1.56792329272563 0.471442509243464
"187" 0.111895703343125 0.803984839947955 -1.02593592180051 0.41359632196004 0.231393189849567
"188" -1.25675585024908 0.326479491164758 2.15095147257611 1.75769305745832 -0.116701247903486
"189" 0.525864378591446 0.754536437278552 -0.870093640821277 0.858306324093072 -0.0760854863354438
"190" 2.08623760141099 -0.0210608709048091 -0.484863659155485 0.388076497207206 -0.71341045836854
"191" 0.192795185224291 0.625896537316074 0.238788983476755 -1.55368999372341 0.953259958375393
"192" 0.295203641376628 -0.697014657237645 -0.850004278703267 0.933802728766251 -1.5188984038824
"193" -0.936416553626416 -0.715293360087847 0.539066970766177 -0.171444372692777 -0.577650398757404
"194" 1.4682214582964 -0.998543352123466 0.777779216610789 0.439452243990225 -0.743843822952678
"195" 1.55812731671082 -0.594876426989549 1.24419318200352 1.56027252683245 -0.686416411292329
"196" 0.262622896864521 -0.12398554063169 -0.0156145121941174 -0.509109647671338 -1.44304817366712
"197" -0.399773750556707 -1.47316536286712 0.0734872515807267 0.69867226622894 -0.71750420072935
"198" -0.244509242790197 0.134348653141873 0.438552420160367 0.0506871958679856 1.12978678187046
"199" -0.453078679361306 2.23606420719796 0.49604930772107 0.392550382128079 0.798984692990143
"200" -0.778579443666699 -0.35508291724338 -1.25718279620187 1.85840733325468 2.4735502785385
"201" -0.224217416905215 1.47151111022638 -0.601566244036944 0.377736278105238 -0.74971976831777
"202" -1.12495642192593 0.152374840679893 0.633104533046504 0.400030472375652 -0.229103013154306
"203" 0.989248562095314 0.243216875122096 0.28340343632781 1.01351619600948 -0.763082534652125
"204" 0.247249020628895 2.15222152642592 -0.793906592125278 1.60298965166502 1.01038040134981
"205" 0.250627201660164 1.77034045430923 -0.281942550173893 -1.34054975969412 0.169966839826074
"206" -1.53791698254545 0.528435112400688 -0.409607412945635 1.08560029147441 -0.571892227070742
"207" 0.740972960108334 0.932958892694699 -0.086400082916972 1.73549163506063 -0.475606441811132
"208" 0.0932346890208188 0.404607109608449 1.3147190651219 0.4459603375875 -0.23833894670967
"209" 0.721775089873819 0.672006442193745 -1.28248438495977 0.650358376890606 0.573764459317125
"210" 0.589287577767027 -0.425763644522164 -0.16220165002711 0.0487843177323141 -0.605525472555265
"211" -0.947539468545716 -0.445131146505456 -1.36001893729445 1.09759878192743 -0.97020348561501
"212" -1.78466092439477 -1.3420477407953 0.0955527820075293 1.24559031149141 -0.221034221132157
"213" -0.95170057037551 -0.750079681145499 0.193547856994401 0.222429864294433 0.318764454851411
"214" 0.823420690015614 -1.2608604564031 -1.67772942278141 0.139816096697395 -0.685950376755582
"215" -0.847639068010851 0.145015505439783 1.20225553972654 -1.15323965014221 -1.19593252388556
"216" 1.14426399192122 0.46895842893828 -1.10114925810789 0.692572754051857 -0.264581205438774
"217" -0.728727655742733 -0.999511151309585 -0.0165313075808792 0.238442553599051 -0.526636760037349
"218" 0.47245847564743 0.922132010532702 0.305437533611483 1.17737866499821 -2.58529704169909
"219" 0.789144152637584 0.827050926497617 -0.0580839862513187 -0.0391860537277655 0.0660857221910237
"220" 0.290467308650888 0.457192248372128 -0.582609576332033 0.330062323957453 -1.38877651376095
"221" 0.932428168017661 1.69695694122559 -0.748372163247176 0.919020270740197 -0.138943935329531
"222" 0.493953266627648 0.156726560791586 -0.305087095116208 1.10949038422018 0.418900476842102
"223" -0.191680670243224 1.19701936401782 1.56471499980378 0.407127146319739 -1.71308866620228
"224" -0.184089316303141 0.10698280298526 -1.05591150442498 -0.291013309130908 -0.542332352812656
"225" 0.10185588012134 -0.521631241883892 -0.693692400697356 0.4429268614389 -0.290481747518567
"226" -1.05211676707756 0.991040363121656 -0.744968059526996 -2.11250569459588 -0.594724590952808
"227" 0.699337402145489 -0.742360640175557 0.0847602490569939 -0.346888040371135 -0.617838450660319
"228" -1.23810947971394 1.32759182757298 -1.09998491190019 0.104777834479147 0.640654003369631
"229" 0.321426796394812 1.38272317512803 0.644588686874659 0.593473313518914 1.24155516989174
"230" 0.926690437615089 0.572047396549852 -0.780826547539318 0.0529547682919056 0.249029531977974
"231" -0.0442291957893493 1.03292177033666 -0.0749636898634844 1.08784709310886 -1.567606322922
"232" 0.5384528053947 -0.848571968299454 0.523203354904363 -0.981558036844724 -1.44017746590326
"233" 0.568411983941836 0.400039955480025 1.2787583726149 -0.271395823238194 -0.501577783343373
"234" 0.592948756162416 0.0386709979649525 -2.39820115177295 -0.21347677027992 0.326136780927196
"235" 0.592514573524594 0.955279636634815 1.90210847174224 2.39552413075456 -0.704497444889068
"236" -0.640257033725168 -0.595210402813507 0.00703575053437764 -0.771195533604093 -0.512573025186008
"237" 2.19580900571624 0.668714708575307 1.90931793799089 -0.704311880395235 -0.631974730748997
"238" 0.16462975696014 1.32447856677958 0.332543221276024 0.705045587139099 0.0327509564858168
"239" -0.157006429776615 1.3682827554168 0.599560588576234 -0.112089197193155 -0.0690680813671613
"240" -1.55831784260453 -0.0405173124329753 -1.31568404537385 -0.883351422428003 0.373989960190047
"241" 0.0884065056279193 1.17029150639121 -0.885819678051555 0.487632240502456 -0.242385482812486
"242" -0.228731085442575 0.686948827498048 -0.0738752311183472 0.359335579939518 1.64477074207914
"243" -0.998048184019669 -1.66119803715911 0.392486939029718 1.20042004076063 0.605652635834821
"244" -1.25351449543582 0.628767549311543 0.313265160083062 -0.358814991346984 0.456403137709035
"245" -1.6627583708444 2.64935585966907 0.128265253495281 0.692045683429416 -1.54611722174157
"246" 1.48006238860453 -1.1951559625429 -1.52696354715148 -1.14482845813661 -1.78245382648123
"247" 1.20234853397646 0.016080010458387 -0.907855424358665 -1.70931516712883 -0.297424943653056
"248" -0.796754675248332 0.637660307971191 -0.0252631175395344 0.208733487416544 0.285279165090183
"249" 0.724710611018968 1.4201412729633 -0.187475010401019 -0.676942260316281 0.435196341146382
"250" -0.222881757968738 -1.99051959691202 0.221733768880995 0.390572233550151 -1.89825304979662
"251" 0.498825768899232 0.73285403072805 0.487939406576725 -0.1711418559657 2.92461331976486
"252" 0.72509667711483 -1.66102021792699 -0.827326661105714 -0.49563971291482 1.0195243490929
"253" 0.129879491407236 0.237428142466657 0.118916136744164 -0.1595024953819 -0.786644586161668
"254" -0.817323126156775 0.607339937199861 0.759242057630112 -0.396668395491843 -0.240947452331578
"255" 1.45559236680989 -0.424845038032938 -0.3185182184491 0.648723364122178 -1.17688993286236
"256" 1.49166799132483 1.21098316442747 -0.298779980494947 -0.559909736790044 1.67704428250724
"257" 0.77009608469167 0.392856122064816 0.62227429368554 -0.316117995554783 -0.0867419265708108
"258" -0.434050576466805 0.7326184632617 0.51777319800699 -0.130175341905926 0.0411821464137587
"259" 1.75528460981905 0.658106048080621 -0.542068394610474 1.59527980051133 1.08622722984453
"260" 0.0440090066444108 0.270227787805411 0.917056087154696 0.0766604306099342 0.56496722626392
"261" 0.92502735680944 1.51216843199859 1.87220127436054 -0.835025505031609 -0.127252657999875
"262" 1.36762740505195 0.574472967136447 0.276233124047751 -0.317710620743473 0.433260864164735
"263" -1.12070812681854 -0.604935983313733 -1.32603445507203 -1.6834931251609 -0.812148596701034
"264" 0.802951268703628 0.462720745637601 -0.285480204372928 0.420665432354094 -0.0207053218658729
"265" 0.114950823513958 -2.04047065305106 -0.98945038427905 -1.20702202807542 1.92992195585934
"266" 0.582946900092812 -1.72281680364685 -0.0292076512378909 0.432579204532239 -0.705430904152548
"267" -0.936980962842151 0.902278363018626 1.7625777780945 1.79104921436348 0.0472989913506098
"268" -0.122414873164298 0.0584468873269885 -0.795421773862872 0.436966283277641 -0.143329081603867
"269" -1.8229927082141 -0.610490841705974 0.332126670327211 -1.09915773387692 -0.736407637086925
"270" 0.523113576311924 1.70206591203233 0.531841420729998 0.688804499887282 0.99353736736405
"271" 0.162266757308014 0.803860528695514 0.142649243085349 -0.40301145837623 0.552548561603541
"272" 0.310365355004962 -1.53981694400989 1.22380369156409 -0.183248135234171 -1.12943196388073
"273" 1.32482960652921 -0.809354537979185 -1.00681350961059 -0.0730339476571954 0.0268654737448528
"274" -0.203940146725094 -0.117581390798225 0.105093222247463 0.0454891900298888 -1.1738369138002
"275" 0.240426070367113 1.77044840359889 -0.422278082732593 -1.51834987204305 -0.0824089578553291
"276" 0.0312443248944094 0.572451314167913 -1.90489112567628 1.0798785150411 0.886303170623793
"277" -0.988284227747482 -2.62318839650532 0.687859713191471 -0.785186754657898 -0.430076649014081
"278" 1.35029241873846 -0.336494724125987 0.0553539358959481 -0.0756235878446987 0.332475139421117
"279" -0.408421666292521 -0.504085081617903 -0.760239147818698 -0.230491330488237 -0.305037584166181
"280" 1.55689778102998 -0.274024249697533 -0.387614832220344 1.47448347168171 2.02360316969701
"281" -1.30890336529424 1.83803876221314 -1.2601890823463 2.25059643434837 0.135706688626505
"282" -0.467590106126474 -1.8778149825104 1.04480639216703 0.19828376060626 -0.587776861324158
"283" 1.4469495253513 0.00794635950682314 1.24953794252586 -0.496563603089464 0.75058338529995
"284" -0.707821409583175 0.0627288633055583 -0.489153621357394 -0.905207595089258 -0.393225962600629
"285" 1.39639387176289 0.229114872035977 1.0279622978246 -0.235572553997147 -0.503119043542373
"286" 1.02182639597292 0.0549297956807707 0.354618849014461 2.59535262390086 -0.334426021871412
"287" 1.0095810060127 -1.67219926706328 1.64112344739937 -0.425765237880778 1.920868193483
"288" -0.343382674000651 0.94941977174605 0.321616352086984 -0.979102182097186 0.672493172441086
"289" 0.119537915755194 1.87674134802313 1.58279237911588 0.0451569848325423 2.06682654229727
"290" -0.881218045783162 -0.386650711147904 1.73825504251976 1.4721974611445 0.112102576032109
"291" 0.456180441632742 0.416147205179035 0.61999637472817 0.0160115092735649 1.66235703331823
"292" -1.24937989123795 1.12560124663151 0.31403978146319 -0.2434869279127 -0.595896895357075
"293" 0.649057918652791 3.1746736403924 0.886557171197176 -1.56628170782024 0.354120786489007
"294" -0.777057830256413 -1.15202537174226 -1.14300084223022 0.11417207841749 0.196990021927912
"295" -1.25299894499866 -2.05180882419362 0.0906249334229534 -0.678723328920457 -0.516088374626944
"296" -2.03804010227728 0.305889772819666 0.9405721547531 -0.275876564377235 -1.28350796414465
"297" -1.68319133497079 0.724714376213301 -0.751390169659859 -0.548080427618991 0.0239068410761602
"298" 0.994498337151886 -0.168344266094338 -0.426164761097791 0.369317293530533 -0.903885547124052
"299" 2.04600215042482 -1.67656355308125 -1.64435369460614 -0.552427825758444 0.933549407320803
"300" 0.820070884946563 -0.786149046033557 -0.294595670104702 -0.545309661331848 -1.59434888611568
"301" -0.00867438015759714 -0.868947128865428 0.05603510954988 -0.418635956406929 -0.782267599045743
"302" -0.32979014148008 0.452014028308451 -0.487496163358673 -0.30941882354076 -0.341371619389196
"303" 0.0724645286070437 1.25410206778261 -0.247557432697727 1.69057469383485 1.03320609957927
"304" 0.431272060847228 0.849479273133251 2.06799735288855 -0.331784282501182 0.420674175401588
"305" 1.14463055605974 -0.509246912067721 0.449084027023811 -0.120490035324307 0.85885668719777
"306" -0.469510503563565 1.73076948427204 0.209650795255856 0.136383829022142 0.3617037319754
"307" 2.65681658421573 0.589059241034655 0.199072778090716 0.942144649280273 -0.574551870724725
"308" 0.232367930242496 -0.0193407564772025 1.4197441200959 -0.675386480412949 -0.503594956554141
"309" -0.938947334663488 -0.304584104589597 -0.124442471824988 -0.333831517380885 -2.04909151362245
"310" -1.29286172084594 -0.328036299457317 -0.433605786652682 -1.11263802186031 -1.06175105556816
"311" -0.926086932030498 1.47007698881064 0.0596223135797296 -1.48422996210212 1.38667659311243
"312" 1.04405914898701 -1.4109334122392 1.71046106485683 1.83896320347629 -0.0489647941670756
"313" -0.360754912777123 -1.29270460574358 -0.771115659881193 -0.164026611223986 0.910708829003304
"314" -1.0109860350538 0.131990585404578 -0.00968449723810685 -2.06224423384376 1.11630830056841
"315" -0.228628171528384 -1.94545107023192 0.303086416400844 1.89609315404963 0.635004785147171
"316" 0.198355167829844 -0.829061293414587 0.855811841589365 -2.72814447036911 0.594466186997158
"317" 0.271857058640703 -0.351226603539557 0.257031036361672 0.315104871594234 1.19421701183914
"318" -0.259739020663816 -1.25387233729842 -0.153799385651169 0.0680494677435965 0.551561486946961
"319" 0.818518547523802 0.217521220433128 0.62627709490916 -1.48965710936084 -0.463454584229123
"320" 0.293502401310032 -0.958794786853462 1.85398038919909 0.442832127401632 0.474348994593375
"321" 0.888875104498801 0.854060726071613 -0.280492789308236 -1.52925741476294 -0.534979635505154
"322" -0.334036345278194 -0.92415357032571 1.28598416738604 -2.08047422447445 1.49687971907096
"323" 1.11752436608071 0.363195400811113 0.466239713577881 0.367543985991151 0.723854237636846
"324" -1.35262210756034 -0.0372700748978447 -0.684007715956732 -0.44299705597171 0.63308802168598
"325" -0.689502178053395 0.677625550882878 -0.584819676328821 0.945258343143275 -0.494859630411815
"326" -1.93290124579679 -0.505146739549347 -0.218776284248843 -0.614312657064525 -1.16560963314914
"327" 0.59740493581693 1.24713233318663 1.04814346004465 2.34062749341411 1.63964426857104
"328" 0.399327629926193 0.924149398801347 0.211583283104055 0.124871326021306 -0.243941062316318
"329" -1.08341924655964 -1.23933054528688 0.911779969419057 0.384288002393335 -1.92492047964065
"330" 0.728014848483641 1.60200915042041 -1.03228609150072 -1.07391482799559 0.29217190547224
"331" -1.48926802718483 -0.171136421922942 -0.675256175583626 -0.186506261474778 -0.31667384318767
"332" 0.397288076726418 0.120725730658517 0.23415099801222 0.594757234768756 -2.11364959865264
"333" 0.0179756162785401 -0.803798820815253 -0.95632865089487 0.76377457078331 1.18378653761728
"334" 0.237467377733646 -0.892415895474614 2.81351558042448 1.1522034751499 -0.901290832682493
"335" -0.408717739654593 -0.923375777608111 -0.459587716549203 -0.071993935673079 -0.985739359420225
"336" -0.877672455258382 0.934587242896152 -0.107610122260005 -0.844983586572267 0.479995283883217
"337" 0.510001107665824 0.00837869528809022 0.412047493255857 -0.000163212844846832 0.348997332837083
"338" -0.158911078734185 -0.55780707059544 -0.121248493600656 -0.183196660846993 -0.616827462243037
"339" -0.266688258901993 0.0271848478677462 -0.000452051960402276 -0.454082543007916 -0.373587086219401
"340" -1.61990277309068 -0.738571230823913 1.57488787263705 0.403398252138853 -0.927090081040853
"341" 0.797927807053738 -0.638488765816511 1.62411226686548 -1.07465493057148 -0.525232080686919
"342" 1.62301663198423 -0.327432164088082 0.129781852503618 0.200696436544947 0.977424949051146
"343" -0.0185688779586723 -0.0591318770228243 1.70675740409607 0.813957572774305 2.25965355746386
"344" -0.541617952000291 1.10048861248559 -0.43483600503398 0.789486958086434 1.65887736063744
"345" 0.442239440470952 1.85498831504339 0.937424085770048 -0.86306102134074 -0.452932298766583
"346" -1.01232362271409 -0.109047004755513 0.224215599755043 0.561572480847986 1.50874541845393
"347" 0.684265143535042 0.193801457975643 -0.755360042839125 -1.09654596631324 0.980692751766322
"348" -0.925053280535896 -0.0662190344373229 -0.980492419436763 0.279411468456547 1.55768425224433
"349" -0.43797071433759 -2.21672202395732 -0.0407251790197327 1.22286076710231 0.605808016546932
"350" 1.08051868349382 -0.556924931940294 0.407769926336084 -0.342397672462896 0.362068809204763
"351" 0.680908309544472 0.255166835356113 1.52211756539078 0.174278565430002 -1.0526224966259
"352" 1.09782888328124 -0.71186874801604 -0.612058909861545 0.223494783711993 0.101380738552262
"353" -0.583217888800139 0.169330303961059 -0.703233305532364 -0.485717343224377 1.1041718569695
"354" 1.14718028575267 -0.658501421169672 1.14499577304563 2.44113151177744 -0.994404899683575
"355" -1.46197866705867 -0.787758216691482 1.36173002523051 -2.37623757964433 -1.12470052904091
"356" 0.517582257128177 1.79284202761202 -0.898703053045665 0.795879701064131 -0.612487892415134
"357" -0.310075639162484 0.3719369734037 -0.432146125590853 -0.815451454166552 -0.0125148777735703
"358" -0.883787762495994 -0.309053212842671 1.39399963852801 -0.432170630813054 -1.01448100932618
"359" -0.606213637086447 0.542336413644494 0.322925744573636 0.365136764686706 0.189576503572967
"360" -1.93885648420128 1.09918731048557 -0.460406980371065 -2.16748247150597 -0.40829621634534
"361" -0.94524108453143 -0.288231011939023 1.30364660833114 1.07307994045413 2.50796456685745
"362" 0.253036729095471 0.46609714949381 -0.752790023984608 1.4235201082666 -0.931351989063888
"363" 0.167376679660528 0.114796340684669 -0.0159352683164967 -0.251302054859009 -0.373232533373204
"364" 0.505510737694478 -0.17643392757287 0.223561486348416 0.659971685209627 0.678272664730139
"365" 0.659730264515866 -1.13428134894809 -0.954916005178493 -0.750579785031161 -1.80566767579343
"366" 0.207202105292817 -0.0132636432930884 -0.0085834589468003 0.609445062741551 0.846981501088787
"367" 1.26960105977216 0.487687273840447 -1.13996391926266 -0.798205101375303 -0.99911524133241
"368" -0.265003182878289 -1.04091495035001 -1.1546706850353 1.35239620760161 -0.185258410261516
"369" 1.24521071434044 1.24475438051394 1.80916444047379 0.685786525481093 -1.76088256828272
"370" -1.485763780287 0.157551848859366 0.0835465021673121 1.7256190305421 2.17867142919954
"371" 0.20241556838099 1.21564967913595 1.41546233641055 0.029567643248403 0.185879904025813
"372" -0.565302523545905 1.14747286272488 -1.19795265924463 1.23344063824687 -0.309207551957284
"373" 0.483224985273606 0.824986477594494 -1.11168743287641 -1.29842032316709 -0.851116574905997
"374" 1.32215391803339 -0.932258193524988 -1.19109120627494 -0.48537137474785 1.15820048693989
"375" 1.15847234169364 0.80473189911248 -0.105425194250787 1.28018460352551 -2.17937804408424
"376" 0.347619606933908 -1.24133378674135 -0.00524191409473789 -0.111544949089413 0.305759832869951
"377" 0.889721002749468 1.07621311962313 0.163656491505206 -0.62074228760283 0.530349536583992
"378" -0.474403804590924 -0.985547201481011 -0.0852419171738315 -0.155903188484833 2.0533164582995
"379" 0.391979148958207 1.85346033119339 1.02812583398944 0.360208415795446 -0.117424789107608
"380" -0.54943641758775 -0.664718548984533 0.0383078016482481 0.679538228412639 -0.410244644667459
"381" 1.28763758432714 -0.227135967808387 0.788237985091053 0.492529171708457 0.11416416951883
"382" -0.0955367087616603 -0.417004578784385 0.502263865258942 -0.817262624115837 -0.602496943422709
"383" -0.42090809966587 -0.573302599950145 -0.0294272245916839 -0.87111114829169 0.157997358717108
"384" -1.78452220568864 -0.464457503868103 0.156232529631362 0.458024492290045 1.81301630937232
"385" -0.752560567568913 0.485954267702816 0.167935587025665 -0.754520238223125 -0.63798206998785
"386" 0.280301650856791 -2.31230567149103 1.20858626089948 0.245732145208137 0.0475848167463837
"387" 1.26255736127503 -1.0104359696088 -0.600324483700986 0.830350819222356 -0.713980567558942
"388" -1.91512782046566 -0.214295678327562 0.713161375351615 0.494643138029229 0.402249457723754
"389" -1.4000346304167 -0.437097383987671 0.563758557469536 0.337583261551704 0.378254354318209
"390" -0.513138566423232 1.11419878105095 0.161855204995264 -0.260739022139288 -0.731042312353104
"391" -0.230661778244469 -1.70406585330705 -0.587684422737563 0.988950097898627 -0.242466845105833
"392" -1.75268620536788 -0.498846984592178 -0.392140735794135 -0.815255614457559 -0.316872502984378
"393" -1.28533787981989 0.124451065145698 -0.859571403950587 0.823109354435522 0.980786195887957
"394" 1.42091386746284 1.07220807083129 0.168225728650063 -1.34528222438044 0.678344923671646
"395" 1.32131708158538 0.636807039445157 1.2640138725074 -1.2528219540809 1.34201228633045
"396" -0.562448095001536 1.00441728151909 -0.0279355845633964 0.163495719355473 0.856208060671032
"397" -0.723272999870344 -0.843751120486007 1.87475488168634 -0.83478486589272 -1.28873858157777
"398" 0.0785642073486403 0.0230583028246583 0.213504268357812 -0.447469283680555 1.66265149628534
"399" -1.00249073034379 -0.00464140879143655 -2.02171258913911 0.377573830997261 1.90686305047636
"400" 1.48525598494629 -1.52602637018672 1.30607588995672 0.65899928972398 1.10865930310966
"401" 0.222980300759046 0.626354379612916 -1.01243118131887 -0.921405305007778 -0.994602045939103
"402" 0.375957209496065 0.806656307076059 -0.91055189333182 0.0823481483752822 -2.89888163275391
"403" 1.20824409573263 -0.199217698517344 0.404623405358246 0.0466181398449571 -1.63906475605109
"404" -0.0953326111824313 0.553778403275755 -0.452141842270687 0.208993829913834 0.589370417768825
"405" 0.142646750714368 1.63376476711683 0.133583731149976 0.55075785839221 -1.09680384187747
"406" 2.32158594077677 0.185396815107702 -0.645036202699223 -1.24786919141883 0.227511373233862
"407" 0.0527117404520116 0.139909962045673 0.300051500295826 0.273298262140293 -0.564661455042245
"408" -1.25346000469513 -0.746572745048695 1.58535816390644 -0.424108217133001 1.08402567082098
"409" 0.482421107105844 0.217008019017462 0.788960990758131 -0.185502434877002 -0.363200477410767
"410" -1.54368830005746 -0.375382345496472 -2.34040819412745 1.79027891250922 -0.525621128009637
"411" -0.602775833519341 0.326181328153421 -2.46250412693199 0.796570978685825 -0.521408269603349
"412" -0.97540280187221 0.214496423582013 -0.0725414666917914 0.418575166487101 0.780687749802123
"413" -1.01962704672503 0.0791716719952548 1.43657105767725 -0.135828211920273 1.50667617414068
"414" 2.24079768871443 1.23143104470645 1.2729040312882 -0.570496749350578 -1.14124348992427
"415" 1.16181716659891 0.441966022073566 -1.04609062846835 -0.209119104510904 -0.399858422857458
"416" -0.84021337692054 -0.896839087902066 -0.406260829435819 0.429578990138672 -0.271484699925177
"417" -1.39982937070921 -0.618859149625995 1.94447078629984 1.38885955566868 1.23263416353564
"418" -1.93677644391101 -0.00160082884262127 0.69745220749001 -0.315414171266179 -0.901110444599747
"419" 1.1365570668686 -1.70702452001373 0.735326054453148 -0.30296444228414 0.465747362321154
"420" -0.481793224612278 0.719222165060908 -0.177272010172735 -1.54353674960755 -0.351164497231836
"421" -1.35231514204401 -1.2613836857413 -0.508211990342309 -1.09884269814831 0.765459348483445
"422" -0.558984982319543 1.77369586714865 -1.47914485417603 -0.176666191298166 1.8203716199859
"423" -0.810759820702824 0.182180268154843 1.0371453983411 1.11528899931988 0.352573675311036
"424" 0.643580249971675 1.39680035220668 1.00481162454034 -1.90849023785199 -1.29747740527317
"425" 1.03329403822029 -2.09215122775673 1.072693934858 1.31467027332185 -0.449704351918141
"426" 0.209944388419686 -0.0549664831445668 -1.72136867131361 0.399032158216033 -2.15380110301257
"427" -1.83956501765598 -2.94917263929956 0.214769602913149 -0.237578482966606 0.210101460555065
"428" -0.646756109475109 -1.64889372117376 -0.834377885032794 0.0320202182043182 0.522728866519496
"429" -1.74531590945826 0.714715251289803 -1.65711505874246 -0.613035137418996 -0.860569436721322
"430" -1.10881286699954 0.492911583346801 -0.136232886544611 0.699856499883081 -1.15750754738614
"431" -0.688193044039043 -0.0749226492967381 -0.566413930723635 -2.25617297065412 0.512412018154461
"432" 1.11215981800369 -1.87058361526437 -1.9186010106569 -0.459072669226925 1.22109889674576
"433" 1.20103427014247 0.0523794045298199 -0.694285234716686 -0.293933303059206 -1.27887705365519
"434" 0.0316876186253925 0.135494042029283 -1.83002829550383 2.58551311755627 -1.59345964572058
"435" -1.04998440829759 0.896587142794998 -1.94252776551948 -0.726541670754179 -1.25702855337254
"436" 1.71818104166388 -0.870326444259887 0.0952148295387766 0.722597047723121 -1.359098864882
"437" -1.08583906942569 -0.320495740465544 -0.153730203115408 1.03037041961832 1.47323886538004
"438" 0.168884490011234 1.14572122663177 0.168105203655651 -1.1310649217602 -0.456903620104982
"439" 0.409255401814502 -0.755569200039908 -2.27920762302144 -0.8570800622707 -0.77465002623702
"440" 1.03102489314859 1.30212612126352 -0.617052069006821 0.558809719289774 0.148231168239792
"441" 0.749859315687118 -0.0759032920725143 0.914421892479565 0.593280029308328 1.73339462597042
"442" -0.476949196529028 -1.12174956869725 -0.307691879181842 -0.59984338776481 2.96372039415578
"443" 0.35141626227925 -0.670178820267683 0.765115561123084 -1.56533792081052 0.600630968133287
"444" -0.0448713764154927 -1.81668848311531 -0.760137772330687 -0.706394437594373 -1.04568546968783
"445" -0.284399069038439 0.350079706122494 -1.85128970248736 0.301335095546322 -0.780535696660669
"446" -0.864165701575177 1.13463793156203 -1.97195503808137 -0.895421524894899 0.174029097620433
"447" 0.0832763777157269 0.264516828461151 -1.478720831048 0.598169395334803 1.65716298017763
"448" 0.820138659577462 0.0140402237555696 0.0697679494888674 1.14351211563765 -1.43563117949919
"449" -0.262670831984258 -0.844367193982276 0.90910269977915 0.307514986575304 1.90643460299336
"450" 1.95445726415957 0.566090328813115 0.868001308791307 -0.699646882948188 0.771624314102943
"451" 1.99153287563238 0.783034534183263 1.57866200027589 0.494654227789671 1.1960114441345
"452" -1.04810549598033 0.479633538021551 -0.929289990671742 0.64860891914336 -1.32007054142928
"453" -0.632044313106075 0.0958208312206842 1.0423213421367 -1.22568397487049 -0.498960168462045
"454" -0.270136474137448 0.496740814511882 0.832322382369412 -0.616297408807477 -0.985768602875791
"455" 0.240398170927232 2.30265200127712 -0.270839202622855 -0.740325432899023 -0.0148253380385247
"456" 0.94340757108049 0.325032312920252 -0.431229925489952 -0.168606231162532 -1.42089832876822
"457" 0.0133646894248302 0.0304126378314041 0.256137740137996 -0.569890385663535 1.66899402220457
"458" 1.3321836052727 0.670789220489436 1.07123608378924 1.16230843752561 -0.357318168346406
"459" 0.803443216227552 1.78941582707558 0.731049593446691 0.479415822091796 0.788129055167058
"460" 1.23876276508209 0.964855693732535 -0.234861406258676 0.387446838800113 0.0106501540312564
"461" -1.74571774984218 -1.04563089131113 0.0177598334852552 1.44169593362834 1.01910453746656
"462" 0.357773212067204 -0.53661740004829 0.250190449854177 0.642032621675137 1.10307095501817
"463" -0.178642707370733 2.1705783864349 0.82175998870739 -0.395365130624491 0.591149199687233
"464" 1.30448606682026 0.95624941206192 -1.21112470446546 -0.277174984251712 -1.4409230208209
"465" -0.642951884341989 -0.967037197118316 0.613321217604045 -1.51486959705171 -0.929885913518978
"466" 0.170952508720599 -0.00351209922302461 -1.97168463507003 0.452829104181568 0.401250355756589
"467" -2.07172915963263 -1.16492856645389 -0.369967566069322 -0.129344359180696 0.577156936974516
"468" 0.401519645307215 0.186884029899887 0.161369954646742 0.161172542338624 -0.42911603640326
"469" -0.847356543445632 0.432906175243874 -0.43215252051161 -1.88442985353225 -0.178058713608411
"470" -0.0401792733188002 0.750909644162378 -1.6646266559814 -0.75173475459019 0.12079341286522
"471" 2.04829017255122 -1.21763274845101 -0.522949584632266 1.09523926123431 1.66377681204149
"472" 0.495964272577776 -0.83462629624149 -0.613370061981752 -1.33331456536401 -0.281726495804739
"473" -0.482683688795426 -0.819525215790829 -1.52634060081475 -0.714154320891405 -0.22159241303202
"474" -0.286675430547947 -0.113436688829915 0.703590879281742 -1.72021997200695 -1.62918420359522
"475" 1.00281737282509 0.498447447532289 -2.0424886484654 0.229521251535395 0.00280967379323052
"476" 1.22128343900284 -0.80651946274924 0.176044290528708 -1.51452062526766 0.229058311199226
"477" 1.11155149953596 -1.11260029662244 -0.885172393165108 0.36775636956268 1.35064712571512
"478" 0.99433069407377 -0.541484526146888 0.552754217689963 -0.695397433787594 -0.971414161729612
"479" 0.22766789545316 0.646309436694193 0.431219144646062 1.56948707472855 0.84845766090857
"480" -0.518455800933695 -0.692084707208779 1.07261777440348 -0.0316170194911848 -1.48454787173754
"481" -0.084638030970185 1.06136395720688 -0.292351968814766 -1.18363840098746 1.22101263425525
"482" -0.762770054631015 -0.308413025085772 -0.347060380825325 1.50498071755773 -1.0300754019859
"483" 1.40129624230629 1.49414001501474 0.591111483966393 -0.7022995404799 1.62405860210876
"484" 0.194047677678183 0.623437207971418 0.616327901786624 -1.2518169775672 -0.00490358912565189
"485" 0.18804546412764 0.71295573768209 0.444069776405713 0.530428499342951 -0.695870541031465
"486" -0.583411099705646 -0.320561061000396 -1.00207096227218 -0.750070466971986 0.337293082768356
"487" -1.02446294065786 0.0760262784531407 0.854151793576521 -1.29336407669572 1.53020137391408
"488" 1.32625932994394 0.762956877278472 0.935749802010026 0.409588798603662 -1.03286510777223
"489" -0.0229624565795156 0.717892188658291 -0.0971682381297492 0.564014977178483 0.121916266524946
"490" -1.00872038718988 1.52442012576674 1.37899801570721 0.9400925473597 1.40269268727496
"491" -1.38314102713962 0.98679984579533 0.446707647673244 -0.684171758091181 1.61516598981263
"492" 0.595871522968943 -0.460601825724965 -1.53787966839773 1.20645597669349 0.624013975886288
"493" -0.583966129075371 -0.427687822181978 -1.42211520622972 -0.757594403447589 0.332040737243573
"494" -0.0393567638657315 0.0351863270383139 0.209267118376409 0.777371818318994 -0.480930815077023
"495" -0.210639731096778 -0.192167633818381 -0.745861450454538 -0.767625061407102 -1.27875540719324
"496" -0.138837149312897 -0.770243074842861 1.25786340535988 0.737551952626221 0.867720619131666
"497" -0.299027471224928 -1.34066681587984 0.73913424365581 0.939496603842004 -1.28287937736361
"498" -0.660181504931605 -0.953474104649027 -1.03097010084801 1.66658304854814 0.445681787583716
"499" -0.106632761744513 -1.01764491531032 -0.284050233306901 -0.937941525119878 -0.135147239599362
"500" 0.263239868839242 -0.190082553609108 -1.61659615421518 -0.366838564669506 1.36805389115589
